80.393219
85.736847
97.717575
93.869431
87.701324
52.275391
54.710224
71.047112
78.781967
66.711090
99.179794
80.713348
54.298637
66.691299
92.429733
60.569641
70.722168
92.514526
93.175934
59.739193
80.076378
56.447086
97.618210
62.812286
87.416656
59.129440
96.689217
70.914627
80.872833
92.192169
79.843048
61.266048
77.929016
77.560623
55.135479
65.630341
79.836014
59.845703
86.677444
58.617989
76.556793
85.857239
89.331345
80.855431
52.548538
81.761078
91.425072
73.270706
74.275604
84.601013
83.009903
54.351982
91.048096
80.628113
67.164268
78.464752
89.757553
63.853485
99.379379
70.630386
56.045650
79.222427
81.896431
83.974663
56.783047
87.031914
99.604996
86.619064
96.877617
86.282448
95.237045
73.434410
72.139687
84.568390
54.289841
74.688217
66.329468
95.714912
97.958923
90.605064
80.315926
80.968826
94.957047
71.364021
61.596947
62.121315
99.828773
51.354504
75.974800
99.208145
71.984886
82.020447
78.430573
53.881321
65.995110
85.213615
90.913239
65.600113
71.832680
87.790848
